"gene"	"meanVal"	"log2FC"	"pval"	"padj"
"ENSG00000128564"	2771.35680422098	1.01912023823869	7.44276287566789e-05	0.00816001766744403
"ENSG00000183090"	49.0719940614112	0.983531615245297	2.34730457465945e-06	0.000878351166165501
"ENSG00000260088"	22.8955049826855	0.887417877191257	0.000100347178863274	0.00933872539461528
"ENSG00000274767"	32.4841966539245	0.86913386340823	0.000100023664655764	0.00933872539461528
"ENSG00000250770"	26.0423501162853	0.753182729649507	1.12833032861015e-05	0.00266054108854335
"ENSG00000141433"	246.554257560899	0.728945385250203	7.20298105251257e-06	0.002061226587718
"ENSG00000265179"	47.3179679453806	0.701141491883368	6.42623952153654e-08	9.21790507368404e-05
"ENSG00000233123"	187.995221879217	0.69913546766192	0.000106964225448202	0.0095299768958524
"ENSG00000256193"	218.034758672414	0.695826907258757	5.23555066956008e-05	0.00677571814292526
"ENSG00000140795"	48.2726373551978	0.658806226964123	8.14025657140584e-05	0.00849519889013089
"ENSG00000176697"	71.3940478688416	0.644545091190029	5.31959251314646e-05	0.00678267747620667
"ENSG00000159674"	272.399622095407	0.628805421010589	0.000109958268421996	0.00965669221606033
"ENSG00000118804"	44.5865548156257	0.616813812323475	9.5584343974286e-05	0.00933872539461528
"ENSG00000179388"	721.767240659752	0.601161727055344	1.10990933050196e-05	0.00265345407026808
"ENSG00000180044"	258.67651658701	0.593443609936472	7.73305189549711e-05	0.00831931389232449
"ENSG00000152034"	111.129705395206	0.589963258988602	2.13697738777887e-05	0.00395735993631655
"ENSG00000196415"	40.1175326220641	0.569801725958028	3.62141139125416e-05	0.00566685038887799
"ENSG00000153012"	150.105978165699	0.566909534750413	1.82097203284334e-05	0.00359311997442534
"ENSG00000142149"	210.690069282601	0.524794527688636	2.12546098450833e-05	0.00395735993631655
"ENSG00000253741"	27.2620037010046	0.523006500648926	6.75359220055048e-05	0.00785470152351861
"ENSG00000249436"	111.754962832046	0.522814198541731	3.97655506553225e-05	0.00593073030614065
"ENSG00000203668"	274.659455897898	0.513794800740358	8.44975478586987e-06	0.00214734551349626
"ENSG00000125772"	740.337807649672	0.512816499791604	6.31411025423643e-05	0.00765385773282899
"ENSG00000115415"	913.28756846729	0.508235195998173	9.69904798664001e-05	0.00933872539461528
"ENSG00000258768"	53.7729015964204	0.494444750896454	1.68497845305524e-05	0.00349440170029395
"ENSG00000214872"	48.7562992173934	0.466763022975437	4.36368447388817e-05	0.00620761164041629
"ENSG00000275342"	457.05380675887	0.465071549106554	6.87414061461379e-05	0.00794124714089578
"ENSG00000183935"	60.0283675461942	0.462318940870453	4.08252697213609e-05	0.00600619972404944
"ENSG00000198830"	1273.9130280859	0.451080974826434	1.77902689577852e-08	3.06223899570358e-05
"ENSG00000144366"	143.256945655637	0.441724535199143	9.57361073260819e-05	0.00933872539461528
"ENSG00000186188"	97.1388438917142	0.432260841108054	5.01451879229277e-05	0.00671498818792891
"ENSG00000176840"	219.233301053007	0.426979921092049	0.000101997349339898	0.00933872539461528
"ENSG00000163749"	37.7151247536172	0.412230752516196	9.47994700868584e-06	0.00233111896943585
"ENSG00000246100"	67.8768521640996	0.410858544955045	7.1756159246799e-07	0.000385980865348485
"ENSG00000161835"	1286.25245811423	0.409168327737191	8.6985091887703e-05	0.00885961175540255
"ENSG00000112541"	147.415838383869	0.388823903257252	3.99677404004134e-05	0.00593073030614065
"ENSG00000128833"	243.585756884671	0.388529305501793	0.000107312705216162	0.0095299768958524
"ENSG00000171476"	2442.9666548501	0.388284026552986	2.78387351381819e-07	0.000199661728305635
"ENSG00000278266"	26.5753669504612	0.386985016443315	1.6640328346879e-05	0.0034930484370101
"ENSG00000260231"	68.1491317974059	0.382644083482389	4.87854109533008e-05	0.00666462919634259
"ENSG00000110492"	290.51276701242	0.37376887704783	2.42586122059454e-05	0.00430477826701998
"ENSG00000174473"	88.3490515460744	0.372321659991039	5.27477041278095e-05	0.00677571814292526
"ENSG00000271614"	296.511192113556	0.367425270471055	2.47311607368651e-05	0.00434385173228224
"ENSG00000115758"	469.900156543264	0.338157742873887	1.32767254169841e-05	0.00292667569569434
"ENSG00000229431"	31.3393564468753	0.335509095968009	7.82653339720057e-05	0.00836758505378966
"ENSG00000103021"	340.352011607314	0.334291777026737	5.11045984208846e-05	0.00671498818792891
"ENSG00000188312"	63.1582830439896	0.328980310782567	8.64739684615197e-05	0.00885961175540255
"ENSG00000187653"	58.4225884009945	0.322145400836283	2.24758540211069e-05	0.00411571143899269
"ENSG00000260572"	25.3641251712319	0.308866423778703	7.214845504183e-05	0.00810577903265318
"ENSG00000170791"	407.000478576552	0.291394961350508	1.12278011330607e-07	0.000120790088064608
"ENSG00000231312"	476.922618844998	0.290339377407295	1.24288826888905e-05	0.00281497839110357
"ENSG00000166598"	4847.84266521831	0.288923064572487	1.74889710721145e-05	0.00354161951840361
"ENSG00000268471"	47.7411252888497	0.285939420127468	7.38253139968168e-05	0.00814586621684107
"ENSG00000184903"	81.1975497148515	0.285500528188719	7.450552454387e-06	0.002061226587718
"ENSG00000131378"	831.317397257628	0.282407670512074	0.000101120321824932	0.00933872539461528
"ENSG00000137038"	706.405888286808	0.27814553118509	9.62353290491633e-05	0.00933872539461528
"ENSG00000082212"	600.600496641502	0.277211568348761	3.24600837707333e-05	0.00521388082168695
"ENSG00000166669"	218.682144620817	0.275369050095064	0.000101524056858529	0.00933872539461528
"ENSG00000162065"	1441.8498746889	0.270760680403245	8.08349779797409e-05	0.00849519889013089
"ENSG00000184009"	16307.3973346571	0.269139387838557	8.48309387775204e-06	0.00214734551349626
"ENSG00000103356"	394.450277866738	0.256438473202968	6.20608912485892e-05	0.0075876400851698
"ENSG00000106153"	3516.04292771498	0.254221688288861	9.29261789950878e-05	0.00924588623723958
"ENSG00000063322"	1998.17193837858	0.251919636866491	6.49656584030381e-05	0.00770543987406212
"ENSG00000185414"	370.524654535059	0.249548413166243	3.0493135238819e-05	0.00499884130348374
"ENSG00000183684"	296.415284825127	0.245651004863549	0.00011260641160492	0.0098390566647487
"ENSG00000175787"	209.369138773484	0.221024271927345	7.50523247123865e-05	0.00817642826122981
"ENSG00000205352"	638.57298376536	0.204620131255385	9.78625583999931e-05	0.00933872539461528
"ENSG00000140416"	883.753783197403	0.190795232430396	3.94216376781995e-05	0.00593073030614065
"ENSG00000123472"	2266.91344950124	0.188327553760613	4.95974111068498e-05	0.00671498818792891
"ENSG00000028203"	830.010014741001	0.184374814364616	8.47809773544373e-05	0.00879117447712006
"ENSG00000068745"	1402.19928628213	-0.144358174334449	0.000100124942955798	0.00933872539461528
"ENSG00000113269"	2098.18737232972	-0.164651010395532	8.14330922483935e-05	0.00849519889013089
"ENSG00000079999"	1431.54874157966	-0.178760453901898	3.92220050798201e-05	0.00593073030614065
"ENSG00000187535"	852.319883343651	-0.194078303166004	7.70593354352475e-05	0.00831931389232449
"ENSG00000100014"	776.089902390957	-0.196975986551063	0.000105883037271323	0.0095299768958524
"ENSG00000231025"	138.293626887	-0.197227496698987	6.21540261435509e-05	0.0075876400851698
"ENSG00000180479"	132.168433427166	-0.223834674987326	4.73593640863541e-05	0.00652157387214731
"ENSG00000166716"	878.163788385311	-0.226018617461501	1.27566881726975e-06	0.000577844403991162
"ENSG00000186834"	1557.90230011268	-0.232535953954421	3.02129054812531e-05	0.00499884130348374
"ENSG00000130475"	1112.18835777618	-0.237701131507355	9.94835753819494e-05	0.00933872539461528
"ENSG00000179361"	118.496070284671	-0.239887462949349	9.14150009493505e-05	0.00914840936826262
"ENSG00000106829"	636.919740289985	-0.240320531758316	2.10972119597072e-05	0.00395735993631655
"ENSG00000176463"	721.956089452193	-0.245697942056349	6.53572428753308e-05	0.00770543987406212
"ENSG00000108828"	1107.14876728974	-0.249040447615499	6.65042540981288e-05	0.0077873314679666
"ENSG00000260766"	91.8985288291923	-0.250068865254026	0.000100812898219243	0.00933872539461528
"ENSG00000196476"	338.872886552785	-0.250278196388331	4.47946825843483e-05	0.00632008910921628
"ENSG00000106078"	2347.21282748638	-0.255382603060217	4.23540301677879e-05	0.0061783044176113
"ENSG00000260257"	520.057541206246	-0.262830908598707	6.13709729910047e-05	0.0075876400851698
"ENSG00000123136"	586.819493148689	-0.265244490211049	1.33917422787194e-05	0.00292667569569434
"ENSG00000125734"	869.216988069533	-0.267937312013946	0.000101857997506432	0.00933872539461528
"ENSG00000180834"	919.947309999429	-0.26957206962275	1.37523795931447e-05	0.00295899637421
"ENSG00000165406"	554.817957357299	-0.270813073330323	1.2204685475686e-05	0.00280105668123977
"ENSG00000133069"	2995.23679982839	-0.278722593647658	2.29921226268017e-06	0.000878351166165501
"ENSG00000119950"	1918.9092796009	-0.285957005549397	4.31257495227082e-05	0.00620761164041629
"ENSG00000156876"	59.54789058447	-0.292276759227259	5.45722460062742e-05	0.00690700051842645
"ENSG00000265763"	338.103119475717	-0.305298078150632	2.91845846797514e-05	0.00497380451576793
"ENSG00000108349"	2820.65575302289	-0.306497931172624	9.03981303244835e-06	0.00225510582213817
"ENSG00000187699"	153.311672835231	-0.311335071634058	3.76047913317591e-05	0.00583145291165379
"ENSG00000114126"	1310.80237523593	-0.325760098019083	8.11523587631939e-07	0.000410845750409076
"ENSG00000106665"	5834.41673531623	-0.32807779060867	1.26968174352902e-07	0.000121416843618694
"ENSG00000279253"	94.5253296784198	-0.330795072639305	3.2713596046139e-05	0.00521388082168695
"ENSG00000143157"	1258.15907775136	-0.332156047797323	2.63591522981938e-06	0.000955428825227102
"ENSG00000113073"	38.2810293230695	-0.332285769244396	5.66265117994689e-06	0.00174055740643617
"ENSG00000198429"	75.7309689799751	-0.334429094939542	0.000107961743722257	0.0095299768958524
"ENSG00000148824"	77.0761017454452	-0.334923086252613	9.11558313436752e-08	0.000112076094637049
"ENSG00000119403"	521.605993446747	-0.342116138196454	0.000105895907344932	0.0095299768958524
"ENSG00000124126"	3406.03054874361	-0.345130236047335	9.10720021983766e-05	0.00914840936826262
"ENSG00000187867"	247.309887721703	-0.347152902439647	1.83695205803422e-05	0.00359311997442534
"ENSG00000112139"	380.018311012141	-0.35177219806492	6.1678420445067e-05	0.0075876400851698
"ENSG00000158186"	4292.40770527841	-0.355112086546385	2.61871801530532e-05	0.0045531306260051
"ENSG00000183688"	349.377050033273	-0.357665681943451	7.25201865467141e-05	0.00810577903265318
"ENSG00000172893"	1015.69786030965	-0.363490786890873	7.69956647954591e-06	0.00207082246581912
"ENSG00000143409"	601.764275479907	-0.366129531662377	7.1722638206871e-05	0.00810577903265318
"ENSG00000147421"	966.337992233369	-0.368061824565074	0.000106094404020165	0.0095299768958524
"ENSG00000126218"	54.4296422625797	-0.369143076194695	1.20439031164853e-07	0.000121416843618694
"ENSG00000272750"	34.8029808457754	-0.37080358536807	0.000114019113412015	0.00991217676343944
"ENSG00000174705"	468.712210848878	-0.37414368799104	0.000100250520484285	0.00933872539461528
"ENSG00000108515"	91.4682182395663	-0.37541994519215	5.04510215536236e-05	0.00671498818792891
"ENSG00000178104"	2949.40037345819	-0.380711865662363	5.91129598041364e-06	0.0017851076791379
"ENSG00000154678"	716.385291681505	-0.383247187666779	1.01842811448926e-05	0.00246904269502868
"ENSG00000156218"	53.6691654922312	-0.386137114964048	2.6642992860571e-06	0.000955428825227102
"ENSG00000198624"	370.597594309647	-0.389185840380698	1.34321373357261e-05	0.00292667569569434
"ENSG00000281332"	95.5729304292824	-0.392921205121109	7.0039849126806e-06	0.00204338292037239
"ENSG00000106333"	121.321970732112	-0.399147204069641	5.22301031981726e-05	0.00677571814292526
"ENSG00000243927"	509.717544448287	-0.401426783227961	2.97464965712989e-05	0.00499884130348374
"ENSG00000124215"	64.48681079049	-0.405636195111801	2.2524447310675e-06	0.000878351166165501
"ENSG00000137269"	184.773391142456	-0.410222178010119	8.59780675976678e-05	0.00885961175540255
"ENSG00000118515"	1133.22437791265	-0.426992330192548	3.5825007690506e-05	0.00565739318694202
"ENSG00000166508"	907.473192908644	-0.431698416347294	4.60838657887942e-05	0.00639710953082673
"ENSG00000274265"	105.684326152509	-0.434218940221137	4.3290854854189e-05	0.00620761164041629
"ENSG00000133195"	369.043886055919	-0.43581900212781	1.55700683466223e-06	0.000670018966126022
"ENSG00000147459"	814.506745230507	-0.436187757648914	0.000107818437243056	0.0095299768958524
"ENSG00000215452"	43.3416214941307	-0.436812077160073	5.99772814307479e-05	0.0075356857318793
"ENSG00000182310"	540.237276518526	-0.444801358789962	8.10277762857423e-06	0.00214574017416382
"ENSG00000275759"	37.3770512653511	-0.451098501621282	2.3808830187261e-05	0.00430477826701998
"ENSG00000158169"	132.390359119063	-0.451242616330188	3.90573646642308e-09	9.60420597093435e-06
"ENSG00000134215"	118.491350495603	-0.452466644813648	8.33395057185176e-06	0.00214734551349626
"ENSG00000247982"	62.1032808566613	-0.456983091655947	7.93329267797775e-05	0.00842936832506364
"ENSG00000164406"	37.582852197991	-0.462441117882414	7.54413960531193e-06	0.002061226587718
"ENSG00000141524"	761.573884569881	-0.465948737461317	7.24915602768988e-05	0.00810577903265318
"ENSG00000177807"	3045.69982600276	-0.469556048679642	6.45851738526702e-05	0.00770543987406212
"ENSG00000157978"	342.531551274516	-0.471340187689177	4.09682958853268e-06	0.0014003589815094
"ENSG00000105643"	934.214425691272	-0.474955062307242	3.98587578810829e-05	0.00593073030614065
"ENSG00000224536"	52.4405229928608	-0.480469501376658	2.34544989264038e-06	0.000878351166165501
"ENSG00000159176"	11626.0138073752	-0.488712777224794	2.99392787719906e-06	0.00105172409286178
"ENSG00000117115"	2698.97354296859	-0.489410437664987	1.40502201686098e-06	0.000620119076313538
"ENSG00000165959"	951.343663592546	-0.491750613043969	4.59753152506159e-05	0.00639710953082673
"ENSG00000143412"	244.381530783581	-0.493941172987362	6.9586334196084e-05	0.00798526380344795
"ENSG00000053702"	390.791622102359	-0.497143657487408	5.95403679857002e-09	1.28108544267232e-05
"ENSG00000187951"	28.3439503055658	-0.510261321952442	3.0380954954644e-05	0.00499884130348374
"ENSG00000166535"	216.236241618082	-0.514206950936148	5.13682781980326e-06	0.00166005483966372
"ENSG00000235423"	46.7035765039429	-0.514718293336146	1.26069199157591e-06	0.000577844403991162
"ENSG00000117266"	2913.23250334259	-0.516542825948117	1.41645895606175e-07	0.000128323726372057
"ENSG00000174607"	731.2020871968	-0.517120119614198	7.30667243899884e-05	0.00811417759306368
"ENSG00000151552"	7159.78572967268	-0.522834925679715	5.69635933738871e-08	8.91376666131563e-05
"ENSG00000197256"	811.507201130711	-0.534828418310202	3.59126917312965e-07	0.000247266065108323
"ENSG00000070731"	39.7992702836231	-0.536483556829775	1.00948566792428e-07	0.000115841845346538
"ENSG00000065809"	886.466182646388	-0.537104782783117	1.72346775395917e-05	0.003531672672488
"ENSG00000235823"	256.341668436968	-0.53831757448969	4.7035909270837e-07	0.000289153252242471
"ENSG00000120729"	54.5171008193581	-0.543355116605897	1.94422773258231e-06	0.000816243706364374
"ENSG00000105655"	801.59742730316	-0.553931453282998	6.98744579763465e-06	0.00204338292037239
"ENSG00000158715"	175.452567382953	-0.560012466155989	1.65116600787019e-05	0.0034930484370101
"ENSG00000175785"	118.521519716476	-0.560189858690101	8.99360762715233e-05	0.00910629224036312
"ENSG00000188763"	178.025435730294	-0.565202178315299	2.65847238716886e-05	0.00457602852003375
"ENSG00000170439"	78.8772120744144	-0.581258158440234	5.46530982819474e-06	0.00171044323768575
"ENSG00000183963"	976.897334320191	-0.587994092553932	2.13811929400708e-05	0.00395735993631655
"ENSG00000162391"	87.9766250791834	-0.589420843498119	3.22153327795299e-05	0.00521388082168695
"ENSG00000086159"	50.0434067945003	-0.594625455097238	6.48031560673014e-05	0.00770543987406212
"ENSG00000134294"	2007.86019306687	-0.602740761564909	1.12672643690637e-06	0.000538731726624147
"ENSG00000270020"	30.0091231568534	-0.605792224520579	1.1438999676449e-05	0.00266080407338806
"ENSG00000165175"	2463.46635923793	-0.606714979031571	8.20147052952567e-08	0.000108593778634404
"ENSG00000152292"	51.9462424209683	-0.61459317438567	2.00438520103614e-06	0.000821463868224643
"ENSG00000188783"	953.533203511089	-0.616199239728885	2.04710852448127e-07	0.000160167631963164
"ENSG00000126803"	2115.24214794356	-0.623494517617658	8.90961200570329e-09	1.70401279393523e-05
"ENSG00000139629"	195.442861807519	-0.638444894507967	1.78369255158004e-05	0.00357008138259852
"ENSG00000125733"	356.335000487796	-0.645167611874914	2.41224611118164e-05	0.00430477826701998
"ENSG00000111181"	982.353219887367	-0.657257442141343	5.20786390180914e-06	0.00166005483966372
"ENSG00000248714"	30.0515839220443	-0.67784176242789	1.87309389910049e-07	0.000153531263262937
"ENSG00000196517"	393.917678515851	-0.678814135337381	5.67324704507204e-11	4.88268006934125e-07
"ENSG00000149922"	78.4379852086869	-0.688530128398608	7.51055246770584e-06	0.002061226587718
"ENSG00000087116"	163.95544571888	-0.69426102789856	4.54810559377737e-07	0.000289153252242471
"ENSG00000171388"	559.540300342261	-0.726361753548875	1.71463542398531e-07	0.000147570097765296
"ENSG00000157833"	983.362114116417	-0.739802476357139	3.76850537313154e-07	0.000249489549952743
"ENSG00000011426"	952.335643587966	-0.765592051831689	2.22488213966367e-07	0.000166508244652308
"ENSG00000121966"	97.508781773497	-0.801483779617159	5.10041814250516e-05	0.00671498818792891
"ENSG00000261195"	66.8034329992571	-0.815109452849734	8.76377300492689e-07	0.000431002356382304
"ENSG00000161896"	67.3756534291968	-0.833220610347646	6.04504686184831e-07	0.000346767891430385
"ENSG00000145832"	245.30755667172	-0.847782511561719	1.32326863496737e-10	7.59247433789776e-07
"ENSG00000175832"	64.8537374317338	-0.854250668901471	6.24516623153543e-07	0.000346767891430385
"ENSG00000158865"	358.450204599526	-0.867274636671993	7.41387438526515e-07	0.000386712181192634
"ENSG00000166592"	73.2663329678279	-0.871696801556953	1.92816919111024e-05	0.0037291658748967
"ENSG00000154864"	188.610808971709	-0.880579723002889	1.69087121511586e-09	5.82099324515785e-06
"ENSG00000176387"	130.563907354123	-0.90583771181548	6.01830823689411e-07	0.000346767891430385
"ENSG00000260788"	83.7049599411009	-0.930711819810169	4.14909127153777e-06	0.0014003589815094
"ENSG00000228058"	55.3515694156302	-0.939345957276405	4.78999564068127e-06	0.00158558067236628
"ENSG00000088836"	156.68089183409	-0.965054513459221	3.30366336575445e-09	9.47765958578857e-06
"ENSG00000196154"	53.228421704305	-1.36902195134154	2.29555949073812e-11	3.95134655140753e-07
"ENSG00000010310"	101.933657666028	-1.45052391195045	1.48615184305115e-09	5.82099324515785e-06
